B : 2.5600000000000005
D : 3.3
C : 1.41
E : 2.52
{'C', 'E'} : 1.242
{'C', 'B'} : 1.2815
{'B', 'E'} : 1.0499999999999998
{'A', 'D'} : 1.21




length : 10
minEXSup : 10.0 %
candidate : 8
runtime : 0.0009913444519042969 s
memory usage : 0.01953125 MB
