B : 2.5600000000000005
D : 3.3
C : 1.41
E : 2.52
{'D', 'A'} : 1.21
{'C', 'E'} : 1.242
{'C', 'B'} : 1.2815
{'E', 'B'} : 1.0499999999999998




length : 10
minEXSup : 10.0 %
candidate : 8
runtime : 0.001001119613647461 s
memory usage : 0.01171875 MB
