B : 2.5600000000000005
D : 3.3
C : 1.41
E : 2.52
{'E', 'C'} : 1.242
{'E', 'B'} : 1.0499999999999998
{'A', 'D'} : 1.21
{'B', 'C'} : 1.2815




length : 10
minEXSup : 10.0 %
reliableProbabilisticSupport : 0.1
candidate : 8
runtime : 0.001997232437133789 s
memory usage : 0.0078125 MB
